rep,id,beta,k,delta,p,c
1,103,4.02593e-05,4,50.5445,0.211006,0.753075
2,103,3.58717e-08,4,44.2913,119.269,10.5934
3,103,7.70728e-05,4,49.3314,0.107944,0.682278
4,103,2.16565e-05,4,56.7636,0.355175,1.00132
5,103,5.75903e-05,4,50.9549,0.166995,0.634841
6,103,3.59226e-08,4,48.1694,101.524,7.46699
7,103,4.02979e-05,4,37.1428,0.183027,0.769364
8,103,3.44351e-05,4,40.3654,0.182486,0.785638
9,103,7.64381e-05,4,44.7822,0.0969828,0.616417
10,103,2.79083e-08,4,38.2311,101.897,6.72482
1,107,2.27673e-07,4,47.2841,23.4561,13.5464
2,107,1.62176e-07,4,48.2542,32.6116,14.1204
3,107,2.04734e-07,4,59.8613,20.5457,6.79084
4,107,1.88185e-07,4,44.926,26.6468,13.367
5,107,1.92142e-07,4,60.9587,30.9508,11.9917
6,107,1.53259e-07,4,44.1061,34.5596,14.2316
7,107,2.11166e-07,4,43.8801,18.4019,9.256
8,107,3.02355e-07,4,44.1494,13.4779,10.5617
9,107,2.08988e-07,4,46.1728,26.5319,14.9819
10,107,1.26128e-07,4,47.0319,33.2022,9.45542
1,108,1.1651e-08,4,45.1796,159.11,10.0656
2,108,9.7507e-09,4,47.746,50.9121,1.10024
3,108,1.16433e-06,4,65.0876,1.73627,1.60035
4,108,3.00386e-07,4,53.7455,19.657,21.1734
5,108,1.13033e-08,4,45.3565,178.436,10.775
6,108,4.91911e-09,4,41.2094,92.7388,1.54572
7,108,1.06624e-06,4,41.3366,1.18128,1.80859
8,108,1.87074e-07,4,51.1973,45.0245,31.6418
9,108,4.46166e-07,4,49.6641,5.78147,7.5858
10,108,5.97398e-07,4,46.4227,2.8056,3.9616
1,110,7.50367e-07,4,55.6398,7.43014,3.73117
2,110,2.53805e-05,4,57.7366,0.346454,1.64852
3,110,8.47221e-05,4,46.4919,0.110998,1.63732
4,110,6.64652e-05,4,37.1361,0.117785,1.60547
5,110,2.47551e-06,4,69.1299,3.78161,2.83664
6,110,0.000105563,4,47.2328,0.118942,1.58872
7,110,7.41683e-05,4,41.3543,0.113436,1.73342
8,110,6.65493e-05,4,53.7432,0.148216,1.51652
9,110,1.43473e-06,4,41.3448,3.53107,3.06593
10,110,9.00884e-05,4,55.1119,0.12998,1.46682
1,111,4.3669e-08,4,40.8779,55.7718,4.78292
2,111,1.25918e-06,4,49.3228,4.4743,1.61481
3,111,1.27049e-07,4,40.3521,20.9597,2.58783
4,111,4.92886e-08,4,60.6895,251.03,30.322
5,111,4.60919e-08,4,40.861,54.2171,3.59868
6,111,2.35943e-07,4,44.4436,12.6007,2.34354
7,111,6.6324e-08,4,48.2667,40.1892,3.19506
8,111,3.611e-08,4,42.7408,147.436,15.6596
9,111,5.22393e-08,4,45.9787,46.8168,3.76896
10,111,1.29016e-07,4,51.0004,23.0648,2.81167
1,112,3.07454e-07,4,32.6098,10.7174,5.62194
2,112,1.92311e-07,4,54.3408,30.0009,7.49537
3,112,3.91025e-07,4,52.4469,11.4441,3.92021
4,112,3.41718e-07,4,52.9229,14.2593,4.96025
5,112,1.83816e-07,4,61.8297,30.0675,5.18321
6,112,2.47895e-07,4,44.1699,22.344,10.9186
7,112,4.88887e-07,4,56.9514,9.89967,3.46554
8,112,1.5204e-07,4,43.758,30.7111,6.28906
9,112,2.18319e-07,4,40.3254,24.6557,10.9713
10,112,1.6225e-07,4,51.9684,32.4085,6.28345
1,201,0.0086411,4,62.8795,0.0664388,7.26545
2,201,0.0103105,4,55.2188,1.02727,19.6879
3,201,0.000949492,4,38.5129,0.427265,36.631
4,201,0.000916227,4,43.449,0.0647317,25.5381
5,201,0.0179306,4,43.1434,0.0163489,5.01236
6,201,0.0109039,4,49.9915,0.0477802,4.57325
7,201,0.0480501,4,53.8527,0.243731,13.8969
8,201,0.00554993,4,48.8808,0.0338421,8.48518
9,201,0.00432728,4,60.3167,0.00611275,14.2513
10,201,0.00879248,4,40.6709,0.293515,19.2647
1,204,0.000451175,4,54.6168,0.0320048,2.62901
2,204,0.000127965,4,62.8724,0.10109,3.52966
3,204,8.60892e-05,4,46.3576,0.116981,3.39513
4,204,1.0809e-05,4,42.8214,1.03509,12.2986
5,204,0.000723934,4,42.6234,0.155199,2.39222
6,204,7.86177e-05,4,43.9104,0.12776,3.81349
7,204,0.000140794,4,50.6511,0.0792088,2.94904
8,204,1.06171e-05,4,62.997,1.17009,9.11289
9,204,0.0443155,4,35.6844,0.0965588,2.19106
10,204,4.29013e-05,4,54.5173,0.249429,4.02266
1,207,1.34566e-06,4,57.4437,5.18457,6.43657
2,207,7.49104e-07,4,39.1062,6.96044,7.42959
3,207,8.14525e-07,4,52.0465,17.2972,26.5996
4,207,1.37213e-06,4,43.2622,4.09537,5.44642
5,207,7.21183e-07,4,43.9352,9.81528,9.68417
6,207,8.78185e-07,4,52.6286,7.43347,6.73569
7,207,8.11617e-07,4,46.0346,12.25,18.0838
8,207,1.63659e-06,4,57.7302,3.97616,4.64503
9,207,9.45709e-07,4,59.2389,9.18396,10.3803
10,207,1.11239e-06,4,53.3454,5.89713,5.80416
1,301,1.17047e-07,4,49.5148,30.3256,2.22733
2,301,1.08397e-07,4,37.7293,25.8486,2.65864
3,301,9.65294e-08,4,51.8604,42.2947,2.2673
4,301,9.94033e-08,4,40.6607,28.6218,2.57176
5,301,2.00944e-07,4,58.9995,19.807,2.14248
6,301,9.53877e-08,4,44.2244,36.2895,2.60762
7,301,7.51776e-08,4,49.3401,48.7829,2.81819
8,301,1.1333e-07,4,44.2849,29.9916,2.28449
9,301,1.03753e-07,4,44.7605,33.0071,2.70277
10,301,7.51842e-08,4,46.4384,42.3065,3.02211
1,302,3.23837e-06,4,45.5302,2.14687,1.78409
2,302,1.02072e-06,4,49.2914,5.50232,2.05476
3,302,2.31019e-06,4,49.0396,2.90919,1.64281
4,302,2.86809e-06,4,51.2958,2.3179,1.88804
5,302,1.97881e-06,4,50.7407,3.0686,1.91791
6,302,2.83879e-06,4,44.7937,2.31072,1.71634
7,302,5.81215e-07,4,54.6753,10.5632,2.46091
8,302,1.15158e-06,4,61.3087,6.73036,2.15089
9,302,1.28081e-06,4,64.4799,5.93691,1.84033
10,302,1.57604e-06,4,57.2523,5.51967,1.88251
1,307,3.10549e-08,4,42.421,123.382,3.92486
2,307,2.55327e-08,4,46.2907,175.419,5.68922
3,307,1.64016e-08,4,48.6847,321.013,8.02714
4,307,1.69265e-08,4,50.1463,468.719,15.4324
5,307,2.34874e-08,4,41.9769,164.892,5.86168
6,307,1.90298e-08,4,53.2237,264.293,5.85505
7,307,1.63809e-08,4,48.4018,280.356,6.3004
8,307,1.29031e-08,4,44.7342,673.918,19.8538
9,307,2.63452e-08,4,43.8871,158.517,5.3668
10,307,1.90835e-08,4,38.0452,244.05,8.91682
1,308,1.68862e-05,4,39.6543,0.28328,0.923961
2,308,3.64116e-06,4,51.2512,2.59717,1.37723
3,308,2.43975e-05,4,52.9163,0.282732,0.904748
4,308,6.71088e-06,4,40.5112,0.586492,1.01845
5,308,3.3678e-06,4,50.3797,1.25918,1.36539
6,308,1.18689e-05,4,60.4852,0.64366,0.950709
7,308,1.80993e-05,4,39.8426,0.32303,0.934591
8,308,1.31354e-05,4,45.5674,0.390508,1.0463
9,308,7.19091e-06,4,45.2994,0.680935,1.10211
10,308,3.05215e-05,4,55.739,0.235246,0.858906
1,311,4.89064e-05,4,62.4519,0.427054,17.4169
2,311,9.61511e-05,4,44.6624,0.103117,5.16265
3,311,1.27801e-05,4,70.6019,1.03792,8.60404
4,311,1.10212e-05,4,47.1732,2.0092,6.88008
5,311,0.00017816,4,46.5552,0.0593488,4.09137
6,311,4.58347e-05,4,43.9531,0.265131,8.79772
7,311,3.77327e-05,4,44.0825,0.31306,9.48659
8,311,2.2441e-05,4,45.2273,1.27476,7.01478
9,311,0.000107743,4,37.8815,0.0859258,5.14937
10,311,4.60198e-05,4,46.5006,0.268857,11.303
1,312,1.57979e-06,4,62.5619,2.14293,6.12783
2,312,2.20765e-06,4,59.7893,1.02125,2.42818
3,312,1.96077e-06,4,49.4386,1.16807,4.48496
4,312,1.8668e-06,4,50.5693,1.18315,4.4
5,312,9.68537e-07,4,51.9493,2.45721,5.01825
6,312,2.69777e-06,4,42.8725,0.728029,4.1944
7,312,2.06521e-06,4,34.3785,0.816071,5.01597
8,312,1.58183e-06,4,45.8704,1.1248,3.01458
9,312,1.37844e-06,4,51.7086,1.77031,4.3375
10,312,3.03974e-06,4,53.3023,0.691476,2.63549
