rep,id,eta_beta,eta_k,eta_delta,eta_delta_E,eta_Kd,eta_p,eta_c,eta_xi,eta_K_Ef,eta_eta,eta_tau_E,eta_d_E,eta_EB
1,103,0.245122,-0.765973,4.55883,-0.440774,3.46844,-0.173593,-0.220414,-0.0496551,-0.633166,1.17135,1.18385,0.665229,0
2,103,0.0393882,0.17977,-0.755147,-0.0989556,0.709855,0.39409,-0.27508,-0.402762,1.81085,-0.891084,1.53724,0.517169,0
3,103,0.0146265,-0.485096,2.30069,0.514449,0.111934,-0.819492,-0.147045,1.16423,-1.01795,0.62563,1.31421,0.0444245,0
4,103,-0.0391793,0.100744,-4.34984,-0.942458,-0.734788,0.539218,-0.0253638,0.796061,-0.370558,0.406715,1.29571,0.82132,0
5,103,-0.0713584,-0.674376,4.27916,-1.98229,0.812168,-0.851649,-0.0643013,0.665252,-1.90635,0.430035,0.252431,0.319171,0
6,103,-0.115565,0.401484,2.38036,1.10289,-0.710706,-0.559392,0.388784,1.12366,-0.271141,0.011443,-1.18497,1.0301,0
7,103,-0.0430746,0.272229,1.53861,0.27595,0.505382,0.446541,-0.283898,-0.651368,2.40545,0.584069,1.4502,0.487967,0
8,103,-0.103385,-0.643574,3.87013,-0.429484,-0.0555942,-0.623215,-0.090647,1.01825,-1.10832,1.82718,1.53257,0.0554526,0
9,103,-0.0565807,0.189772,-4.47967,-1.04443,-0.928781,0.535862,-0.0246602,0.744824,-0.0248399,0.957995,1.34745,0.887873,0
10,103,-0.0636125,-0.319118,-2.66325,-0.498064,-0.533719,-1.21958,-0.146169,-1.15215,0.780443,0.207212,0.00413095,-0.0508046,0
1,107,0.0313319,0.0730313,-3.01208,1.31437,-1.05652,-0.150268,0.248994,-1.18299,-0.117611,-0.124517,-1.02286,1.06316,0
2,107,0.0216356,-0.00539385,1.52906,0.070778,0.730247,0.529254,0.201943,-1.75607,-0.316104,-0.0715931,-1.41184,-0.285584,0
3,107,-0.0849972,-0.055741,-2.8851,0.704673,-0.885735,-0.0880624,0.091133,-1.61548,-0.316311,0.311793,-0.0753663,-0.57414,0
4,107,0.104652,1.41779,-4.3369,-0.732863,0.0322892,-0.679726,-0.157668,-0.56082,0.599535,-0.689333,0.377304,0.865322,0
5,107,0.196491,0.465164,3.91216,-1.31027,0.0234554,-1.11362,-0.25042,-0.0345659,-0.593728,0.152134,0.129287,-0.459438,0
6,107,0.0113702,-0.466742,1.83467,0.555533,1.18108,-0.0808936,-0.232364,-1.99431,-0.0960293,-1.06046,-0.45937,-0.626271,0
7,107,0.0820763,-0.293937,-1.65116,0.227328,-0.800399,-0.494585,-0.43845,0.409983,0.772997,-0.0229996,0.0555399,0.338789,0
8,107,-0.0329571,0.204666,-1.02924,0.489528,-0.31539,0.505093,0.250202,1.08627,0.142316,-2.55216,-1.47686,-0.671339,0
9,107,0.175074,-0.500482,-2.78794,0.584587,-0.143966,-0.0151546,-0.151744,1.19032,-0.330117,0.839107,0.604256,-0.0832477,0
10,107,-0.0483873,-0.0990016,0.347879,-1.04301,0.47517,0.086336,-0.0369363,-1.06876,0.307814,0.379801,-1.04721,0.054805,0
1,108,-0.0636863,0.236013,4.18731,2.28574,-0.605903,-1.94539,-0.346451,0.546497,0.398739,-2.21554,-0.0202484,0.867695,0
2,108,0.217111,-0.444153,0.776853,1.02155,-0.260496,-0.629446,0.0832179,-0.460624,0.622563,-0.154485,-0.890972,-1.51834,0
3,108,0.157051,-0.663712,2.30238,-0.844374,1.07708,-1.23147,-0.35131,-0.912704,-1.08304,0.873056,-0.308315,-0.743309,0
4,108,0.000100271,-0.199578,1.71734,2.45564,-0.260066,-1.12641,0.333409,-1.91521,-0.22435,0.0241487,-1.03785,1.41399,0
5,108,-0.0994236,-0.535642,-4.72517,0.195635,1.47581,-0.956883,0.0420606,-0.400712,1.75629,-0.427207,-0.893692,0.0854528,0
6,108,-0.0518125,-0.872244,1.01234,-1.10424,-1.09438,-0.505949,0.372893,-0.536916,1.04895,-0.0928582,-1.75679,-0.71951,0
7,108,-0.197079,-0.853246,0.359118,-0.507528,1.58215,-0.688011,-0.214397,0.55241,0.737251,2.18197,0.340069,0.166013,0
8,108,-0.10745,-0.854845,-2.5448,1.46863,0.113767,-0.596269,0.0524368,-1.23906,-1.22683,0.180846,-0.0142512,0.0363087,0
9,108,-0.107084,-0.64999,0.318691,-1.30927,-0.519945,-0.616324,0.132017,0.0740719,0.238267,-0.833243,-0.545796,2.14696,0
10,108,-0.0849452,-1.06214,-8.98704,-2.06902,-1.58607,-0.638641,-0.211805,0.197266,0.0833571,0.544432,0.439321,-0.162027,0
1,111,-0.111176,0.238707,-4.92712,0.556399,-1.53055,0.360476,0.142933,0.15751,-0.407014,-0.381192,2.53956,-0.214447,0
2,111,0.26579,-0.203625,-1.19465,2.12759,1.25663,-0.282092,0.200196,-2.01763,-0.984525,0.95141,2.22727,0.424145,0
3,111,-0.0539304,0.210908,5.45008,-1.44447,-1.6805,-0.501184,0.00240062,-1.13807,0.239881,1.00127,1.12007,-0.51803,0
4,111,0.0571448,0.51096,-6.18785,-0.840052,-1.15557,-0.767401,0.0622088,-0.906624,1.50036,-0.845013,-0.901336,-0.106148,0
5,111,-0.0325278,1.29238,7.40841,-0.628316,0.178144,-0.44713,-0.096453,0.689533,-0.725691,1.47655,1.28335,-1.01399,0
6,111,-0.107183,0.199653,-5.36759,0.719959,-0.815269,0.491215,0.167525,0.303955,-0.472076,0.703744,1.82283,-0.10126,0
7,111,0.25895,-0.20388,1.5445,2.02204,1.34168,-0.263994,0.285087,-2.219,-1.18715,-1.53827,2.14468,0.57741,0
8,111,-0.0623185,0.173664,3.83784,-1.70634,-1.76293,-0.51405,0.00240062,-0.972444,0.275852,0.527481,1.1972,-0.524125,0
9,111,0.0813634,0.4732,-2.57462,-0.840052,-1.08047,-0.981257,0.0155056,-0.87367,1.26331,-1.15347,-0.866932,-0.533722,0
10,111,-0.0237942,1.39076,5.72659,-0.344676,0.671901,-0.34784,-0.094904,0.366186,-0.689733,0.0715948,1.20565,-0.901615,0
1,112,-0.0156354,0.60976,5.99165,1.41907,0.163927,-0.00629471,0.0648247,-0.0684573,-0.982247,-0.764983,-0.972844,0.387098,0
2,112,-0.197185,0.874536,4.51541,-0.0821428,0.199036,-1.22317,-0.100015,-0.120239,1.23381,-1.36351,0.598839,2.36356,0
3,112,0.0112047,-0.298542,-2.52011,-0.356435,2.47109,0.0974498,0.136735,-0.20177,0.0657698,0.516738,-0.0202343,-0.0931015,0
4,112,-0.0768338,-0.398607,0.397453,-1.48785,-1.64627,-0.328786,0.326483,1.95997,0.315671,-1.34312,-0.283934,-0.816997,0
5,112,-0.0937325,0.660601,5.92831,0.436564,1.26786,-0.0100821,0.235392,0.359707,-0.314637,-0.846462,-0.72718,-1.44319,0
6,112,-0.0155989,0.60976,5.13144,1.45574,0.450273,-0.0161026,0.0195833,-0.111202,-0.929099,-0.234995,-0.972844,0.32663,0
7,112,-0.197185,0.874536,4.51541,-0.0821428,0.199036,-1.22317,-0.100015,-0.120239,1.23381,-1.36351,0.598839,2.36356,0
8,112,0.03345,-0.282398,-2.53754,-0.115694,1.85117,0.0157406,0.083967,-0.355284,0.220612,1.0205,-0.0202343,-0.166333,0
9,112,-0.0943694,-0.519037,0.33703,-0.883122,-1.06997,-0.399235,0.257321,1.93094,0.344157,-1.58718,-0.126056,-1.00912,0
10,112,-0.0199699,0.658013,6.09574,0.458307,1.344,0.155553,0.143692,0.496809,-0.820253,-0.683517,-0.712661,-0.917102,0
1,207,0.218716,1.28874,0.897243,0.37205,0.270304,0.117692,0.12391,0.96686,0.242332,-0.410187,0.69432,0.313839,0
2,207,0.1277,-0.554613,6.35071,1.14361,-1.07252,0.188289,0.112235,1.48555,-0.122224,-1.2397,-0.234971,0.444871,0
3,207,-0.00860562,0.59252,-1.77347,0.531704,0.996214,0.201347,0.16572,-1.19798,1.63053,0.214345,-1.62749,0.532127,0
4,207,0.00690253,0.0149554,1.73438,-0.863598,1.00514,0.0595194,0.237198,1.87536,1.16664,-0.911809,-0.571582,-0.188846,0
5,207,0.189511,0.881094,1.52778,0.397491,1.36391,0.17838,-0.0412691,-0.652789,-0.977428,-0.837482,-0.567293,-1.51272,0
6,207,0.264804,1.18346,-1.93456,0.30843,0.0513288,0.264188,0.184967,0.868869,0.227089,0.575143,0.69432,0.323925,0
7,207,0.1277,-0.554613,5.48016,1.20388,-1.18266,0.216499,0.152491,1.42424,0.476582,-1.78683,-0.234971,0.314274,0
8,207,-0.0864304,0.695511,-3.93505,0.49692,0.537863,-0.10068,0.183322,-1.51896,1.48362,0.441637,-1.62749,0.420796,0
9,207,0.0171302,0.178837,-7.19049,-0.739276,0.506807,0.217867,0.19898,2.29153,1.90984,0.305276,-0.547839,-0.524937,0
10,207,0.163718,0.705282,3.56369,-0.165138,0.195579,0.195214,-0.0634254,-0.986339,-1.04946,-0.568654,-0.714224,-2.22788,0
1,301,0.399848,-0.264731,1.02731,-0.239163,-1.43077,0.454981,0.114112,-0.23446,1.41348,1.36717,0.00946907,0.326372,0
2,301,0.0460423,-0.0665091,-0.0869529,0.0623074,0.10679,1.04431,-0.250522,-0.804587,0.63853,0.741095,-0.00785981,-1.38708,0
3,301,0.0702232,0.511672,-1.70545,-1.74754,0.458542,0.707916,0.162007,0.673422,0.293728,0.0843087,0.297938,-1.57508,0
4,301,0.0645166,-0.130268,-2.45276,-0.353378,-0.186648,0.538649,-0.112876,0.840501,0.436392,0.474317,-0.0671679,0.869879,0
5,301,-0.0340475,-0.0960584,-4.50984,-0.899482,-1.18945,1.74705,-0.00565574,0.0123203,-0.0968033,-0.502308,-0.222461,-0.201737,0
6,301,-0.155414,0.933192,-5.83903,-1.15521,-1.05848,0.377671,0.217297,0.367176,-0.780082,-0.324343,-0.636767,-0.992998,0
7,301,-0.130034,-0.0384269,0.146009,0.911402,-1.97028,0.430604,0.163229,-0.524327,1.2567,0.793592,-0.864677,0.9636,0
8,301,0.0674199,0.246403,-1.81993,0.593369,0.471205,0.745216,0.106622,0.709754,1.10084,0.454782,0.0465049,0.21425,0
9,301,0.12317,-0.234628,-5.08503,-1.19418,-0.198169,0.813461,-0.0949444,-0.171456,-0.163151,1.26224,0.444806,-0.457905,0
10,301,0.000121897,0.700447,2.1459,-0.999219,1.11831,0.325311,0.03505,0.681807,0.429128,-0.517834,-0.0267278,-0.602863,0
1,302,0.0203456,0.236383,-5.86595,0.747813,1.36678,0.298068,0.143192,-0.626087,0.68824,0.106757,-0.443879,-0.513544,0
2,302,0.0421902,0.48251,-2.78005,0.256416,-1.44526,0.764319,0.172078,0.0886393,0.099566,-1.36995,-0.332226,-1.60656,0
3,302,0.183327,0.500042,3.64536,1.43421,0.116712,0.164694,0.020064,-0.102647,-0.991314,-0.999525,-1.03516,-0.532378,0
4,302,0.163525,0.194749,-0.771634,-1.36404,0.331267,1.33575,-0.394529,0.99427,-0.618876,1.52292,0.480875,0.344966,0
5,302,0.0143035,0.309906,-3.57919,0.352565,-1.33246,0.739656,-0.0394858,-0.00209903,1.87869,-0.870948,-0.0590917,-0.602801,0
6,302,-0.0186823,-0.107486,-2.30712,0.227449,-0.357145,0.405557,0.167899,0.122236,0.270685,-0.189994,-1.30018,1.41915,0
7,302,-0.112128,0.560556,-0.12556,0.338463,-0.903429,0.328469,-0.119487,0.567449,1.24676,0.385003,-1.85938,0.828163,0
8,302,0.0632855,-0.549465,-1.99818,-0.339104,1.18653,0.610339,-0.385695,2.23078,-0.930942,0.955676,0.472315,-1.24182,0
9,302,-0.215621,-0.148899,-7.40072,0.513829,0.696604,0.604553,0.125667,-0.79926,0.403664,0.0439648,-0.11672,-1.44548,0
10,302,-0.0758644,-0.197061,1.26343,1.2762,-0.776857,1.4124,-0.0196401,-0.42723,-1.09392,-0.836507,-0.0948739,-0.974144,0
1,307,0.0135671,-0.0443491,-3.61749,1.29633,2.20315,0.578538,-0.0210969,1.60414,-0.846293,0.313032,0.990822,-0.290036,0
2,307,0.0631499,0.026275,0.442956,-0.855676,0.119233,0.68834,0.142613,0.189787,0.389348,0.379099,0.268492,-0.407744,0
3,307,-0.288434,0.163622,-2.80093,0.424805,0.822986,1.05072,0.00324313,-0.241037,-0.175108,-0.320117,-0.931507,-0.838358,0
4,307,-0.183086,0.671822,0.20558,-0.401812,-0.974311,0.100276,0.164541,-0.389754,-0.292846,-0.811307,1.50957,0.151885,0
5,307,0.319745,-0.692774,-4.75819,-2.17248,1.07523,0.942925,0.0177181,-0.66836,-1.79467,1.0505,-0.00996078,-0.296683,0
6,307,-0.0314969,0.594857,3.15197,0.503934,0.0661746,-0.13592,0.00325721,-1.33674,-1.092,-0.447023,-2.42284,-1.8048,0
7,307,-0.112416,-0.332561,-5.14375,-0.671742,0.274345,0.833562,-0.0279161,-0.712816,-1.1331,-1.48344,-0.650371,1.70715,0
8,307,0.115995,0.393023,0.245691,-0.0597256,1.21653,-0.41393,-0.0678762,0.0911216,-2.63851,-0.581021,-1.38183,-1.30716,0
9,307,-0.0233624,0.992581,3.12265,-1.66704,-0.032837,0.257742,-0.0144758,-0.064162,0.583155,0.518415,-0.175912,0.841547,0
10,307,-0.0549298,0.257371,2.69657,-0.959041,-0.780962,0.823104,0.0306612,-2.3374,1.98364,-0.347477,0.226588,0.462268,0
1,308,0.285919,-0.486141,-1.27604,-0.78989,0.411766,0.249134,-0.00325964,-0.476018,0.424883,-0.0797076,-1.98716,-0.31545,0
2,308,0.0473537,-0.288667,-4.2431,-1.26456,1.14342,0.0453852,0.0909226,0.549627,1.08093,0.0300935,-0.67396,-0.880542,0
3,308,-0.0461834,1.1086,-0.679214,-0.24921,1.69696,-0.466634,-0.175043,0.85978,-0.337681,0.43821,-0.093863,1.92841,0
4,308,-0.0469582,0.164838,-0.912476,0.912039,1.14887,0.323013,-0.441279,-2.09414,1.3022,-1.73738,0.70269,-1.17249,0
5,308,-0.0115854,1.33964,-2.84929,-0.280671,-1.86156,-0.478157,0.220245,-0.526209,-0.332537,-1.00746,-1.35836,1.40196,0
6,308,-0.291824,-0.0238559,0.192032,-1.44455,-0.558578,0.390574,0.0449093,-0.797633,0.930738,0.840725,-0.00843638,0.0865227,0
7,308,0.0131826,-0.115075,1.50958,0.513822,-1.71602,-0.0419361,-0.0515431,-0.558843,0.921928,1.21183,0.626059,-0.186746,0
8,308,0.261842,-0.102061,-0.0987641,-2.53852,-0.764916,-0.619858,-0.107832,0.195654,0.568014,-1.18219,-0.600213,0.0476538,0
9,308,0.0754478,-0.338737,2.84154,0.00478016,1.24156,0.247047,0.0702327,0.32753,0.515334,0.176747,-0.286048,-0.376338,0
10,308,0.281534,1.10782,-0.655167,-1.21149,-0.0588624,-1.03876,0.150223,0.602269,1.40324,0.573813,-0.944993,1.83883,0
1,311,-0.0666027,0.191625,-0.0735558,2.616,-1.32104,0.0595474,0.319293,0.580969,0.433661,-2.81457,-0.283511,0.471587,0
2,311,0.150962,0.835462,-2.102,0.0430728,1.48828,-0.395601,-0.0935117,-0.268673,0.838141,1.92659,-0.154556,-1.35271,0
3,311,0.117098,0.304984,-0.679252,0.120323,0.37761,-0.544363,0.133224,1.29469,-1.17833,0.956121,-0.677122,-1.10835,0
4,311,0.134563,1.04449,-3.73436,0.800338,-0.280923,0.440783,0.135899,0.0790102,0.998703,1.35989,-0.402261,0.206468,0
5,311,0.174984,0.243155,2.20938,0.46491,-1.02579,-0.629448,-0.231105,-0.915783,-1.75788,0.927712,-2.05102,-1.59813,0
6,311,0.152346,1.08409,-1.571,0.337889,-0.784572,-0.567592,0.142609,1.72349,-1.38797,-0.163929,0.513716,-1.15014,0
7,311,-0.211782,-0.205262,-0.0161365,1.62328,0.394318,0.315449,0.0637201,0.795429,-1.4401,1.38661,-0.50577,-0.410418,0
8,311,0.0567769,0.151286,8.58255,1.17818,-0.634388,-0.378652,0.146097,0.247978,-0.0540548,1.30392,-0.674922,0.194201,0
9,311,-0.0447255,-0.350773,-3.37548,-0.052345,0.381506,0.0316658,-0.160192,2.46989,1.6629,1.00107,-1.45642,-1.03303,0
10,311,-0.0439102,0.31103,2.20611,0.843424,0.105671,-0.24476,0.0567491,-1.1793,0.271725,-0.0641931,1.74046,1.45146,0
1,312,-0.114456,-1.01883,1.12397,-0.116593,-1.10688,-0.515001,-0.105339,-0.753345,1.84342,1.97022,-0.524226,0.63907,0
2,312,-0.0954223,-1.68269,3.46328,-2.83195,0.262675,0.0512688,0.0141454,-1.90249,0.62821,-2.72197,-1.95125,-0.541646,0
3,312,0.095727,-0.485993,-1.18179,-1.41756,-0.469318,-1.00567,0.123021,-1.47478,-0.282573,-1.35013,0.260127,0.672078,0
4,312,-0.284327,-0.184179,-4.11433,-0.152131,-0.192832,-1.08151,0.078838,-0.0828701,1.1997,-1.5377,-1.29359,-0.66896,0
5,312,0.0395202,-0.816842,2.19029,0.600757,-0.227554,-0.865468,0.0182548,-0.363154,0.643263,-1.26334,-0.966253,0.792296,0
6,312,-0.152772,-1.3177,1.86543,0.0178613,0.903389,-0.18419,0.08826,-0.846181,0.421452,-1.36462,-0.92754,1.29208,0
7,312,0.100245,-1.06,-0.934269,-0.159484,0.292787,-1.02466,-0.254745,-0.675009,1.99047,0.361324,-0.812071,0.509827,0
8,312,0.173274,0.593856,-6.39687,0.0402251,-0.719956,-0.442597,0.452181,2.14867,-0.494049,-0.803246,0.15354,0.0280014,0
9,312,-0.0065827,-0.363444,4.0635,0.447305,0.378179,-1.13583,0.00469586,-2.45864,0.272256,0.87604,-1.39297,0.403852,0
10,312,-0.0876094,-0.901811,-3.47692,-0.35271,-0.595958,-0.533027,0.0956118,0.875017,0.122928,0.0511238,-1.51057,-0.753069,0
