rep,id,eta_beta,eta_k,eta_delta,eta_p,eta_c
1,103,3.60033,0,0.556511,-3.0973,-2.07845
2,103,1.54561,0,-0.28492,-2.03905,-1.44421
3,103,3.06709,0,0.279426,-2.83606,-1.79672
4,103,2.48628,0,-1.02689,-2.9429,-1.47616
5,103,2.64836,0,0.756408,-2.20403,-1.76194
6,103,3.73739,0,-0.04131,-3.65871,-2.04503
7,103,2.35537,0,-1.38559,-2.91115,-1.45648
8,103,3.46968,0,-0.526267,-3.54347,-1.83064
9,103,2.64268,0,-0.672728,-3.10718,-1.47203
10,103,2.73508,0,0.115316,-2.69918,-1.66238
1,107,-3.00076,0,-0.695634,2.37248,1.72261
2,107,-2.93048,0,-0.669605,1.2919,0.0624176
3,107,-2.52598,0,0.702188,1.91715,-0.168374
4,107,-1.28012,0,-2.06095,0.138702,1.34037
5,107,-3.4761,0,-0.906229,2.90488,1.9206
6,107,-2.45814,0,-1.19651,0.947501,0.949058
7,107,-2.80837,0,0.431702,1.92093,-0.047818
8,107,-1.69179,0,-1.91297,0.310532,1.2003
9,107,-2.62733,0,0.643041,3.16686,1.91405
10,107,-1.95931,0,-0.568669,0.470159,-0.385071
1,110,2.41651,0,-0.109102,-2.37869,-0.778956
2,110,3.37723,0,1.591,-0.762096,-1.04052
3,110,2.34172,0,0.25945,-2.1779,-0.823045
4,110,4.82034,0,-0.457949,-4.7839,-1.22126
5,110,3.31838,0,-0.0200184,-3.16956,-0.985995
6,110,2.30188,0,1.15646,-1.53406,-0.757545
7,110,2.51451,0,1.5434,-1.30521,-0.912618
8,110,4.3139,0,-0.77857,-4.34689,-1.02873
9,110,2.72455,0,-0.881693,-3.26477,-0.826404
10,110,4.6258,0,0.546534,-2.3466,-1.08033
1,111,-4.73522,0,-0.603015,3.26568,0.627222
2,111,-3.56674,0,-0.170706,2.35508,-0.413461
3,111,-4.59046,0,-0.262909,3.12426,0.0233614
4,111,-4.73665,0,0.329283,4.18538,0.906916
5,111,-4.38095,0,0.304526,3.68122,0.682594
6,111,-3.43511,0,-0.625377,2.02274,-0.434297
7,111,-4.40971,0,-1.11343,2.4468,0.204909
8,111,-4.75546,0,0.59134,4.40881,0.744822
9,111,-4.10205,0,0.512556,3.69036,0.867737
10,111,-3.82905,0,-0.190783,2.47629,-0.305267
1,112,-2.72839,0,-0.127885,2.1689,0.753345
2,112,-2.37862,0,1.45993,3.17486,0.862111
3,112,-2.39331,0,0.787346,2.32046,0.252351
4,112,-2.68803,0,-0.653047,1.96534,1.0833
5,112,-2.93867,0,0.786334,2.97113,0.729657
6,112,-2.79701,0,1.02206,3.00211,0.475496
7,112,-2.59869,0,-0.0505558,2.04015,0.661034
8,112,-2.85568,0,-0.239308,2.05096,0.507969
9,112,-3.01281,0,1.50981,3.65966,0.409064
10,112,-3.07154,0,0.476499,2.89303,0.633134
1,201,6.66474,0,0.429208,-2.36557,0.877969
2,201,7.712,0,0.282348,-5.12996,0.668088
3,201,7.59138,0,1.3437,-1.83089,1.42953
4,201,7.07391,0,2.88795,-1.84689,0.346842
5,201,6.90665,0,0.85778,-4.27059,0.797785
6,201,7.64518,0,1.82213,-4.41871,0.138561
7,201,7.25746,0,1.55503,-3.62111,0.282208
8,201,8.58346,0,1.11446,-3.58109,0.509006
9,201,7.61256,0,-1.26815,-6.18301,2.28129
10,201,7.46259,0,-0.81685,-4.03703,1.95498
1,204,2.51453,0,0.0919415,-2.39038,-0.040072
2,204,0.983147,0,1.02938,-0.019615,0.680946
3,204,2.72672,0,1.9105,-0.897634,-0.157185
4,204,4.40935,0,1.00616,-3.04781,-0.522581
5,204,3.86992,0,1.43325,-2.38957,-0.394343
6,204,1.11714,0,0.289778,-0.249318,1.66225
7,204,3.27116,0,2.50131,-1.06982,-0.269015
8,204,3.70199,0,0.487403,-3.11765,-0.212622
9,204,6.83982,0,1.7337,-1.61289,-0.661357
10,204,0.523604,0,0.270927,0.149817,1.11676
1,207,-0.778001,0,-0.506194,0.281087,0.76962
2,207,-0.979721,0,0.423808,0.954568,0.288107
3,207,-0.692503,0,-0.653804,0.0535735,0.397506
4,207,-1.09702,0,0.569867,1.23809,0.459441
5,207,-0.922577,0,0.876915,1.14116,0.0796544
6,207,-1.86779,0,-0.646967,1.66419,0.539433
7,207,-0.610991,0,-1.30765,-0.00438892,0.29612
8,207,-1.21805,0,1.15472,1.73054,0.300703
9,207,-1.37868,0,1.26103,1.99431,0.237068
10,207,-1.49986,0,-0.623818,1.82136,2.06338
1,301,-2.95887,0,0.0213387,2.01468,-0.687606
2,301,-3.16535,0,0.59139,2.72426,-0.682007
3,301,-3.19534,0,-0.544682,1.92618,-0.819394
4,301,-2.54831,0,-2.13028,1.1385,0.553597
5,301,-2.82826,0,-0.98382,1.35345,-0.750094
6,301,-3.16979,0,0.425959,2.50224,-0.562343
7,301,-3.49291,0,-0.550968,2.29941,-0.429467
8,301,-2.49681,0,-1.98138,0.794373,0.0149241
9,301,-3.02763,0,-0.880623,1.64913,-0.448398
10,301,-2.76534,0,0.481403,2.2809,-0.758216
1,302,0.730555,0,-0.888847,-1.2752,-1.08995
2,302,-1.84195,0,0.643914,1.79213,-0.440015
3,302,-0.859731,0,-0.215961,0.538952,-0.702059
4,302,-0.549985,0,1.33436,1.23691,-0.869279
5,302,-0.0682795,0,-0.636505,-0.488952,-0.792128
6,302,-1.8079,0,0.642254,1.80417,-0.547686
7,302,-0.89827,0,1.16335,1.38262,-1.17924
8,302,-0.279207,0,-0.138239,-0.205127,-0.746566
9,302,0.619795,0,-0.534577,-1.01901,-0.985964
10,302,-0.695538,0,1.85883,2.12913,-0.824328
1,307,-4.76251,0,-0.928134,3.63071,0.474841
2,307,-6.12395,0,-0.110739,6.02656,1.43275
3,307,-5.49525,0,-0.457698,4.59738,0.597402
4,307,-3.95996,0,-1.26095,2.64207,0.00385125
5,307,-5.47625,0,-0.67375,4.29263,0.0618319
6,307,-5.64231,0,-0.000216098,5.73392,1.62824
7,307,-5.04624,0,-1.16199,3.81443,0.414382
8,307,-3.73858,0,-1.8895,2.60623,0.635842
9,307,-4.88839,0,0.497179,4.56288,0.158731
10,307,-5.46533,0,-0.313378,4.70754,0.583959
1,308,1.03589,0,0.371739,-1.35945,-1.31568
2,308,0.480266,0,-0.543245,-1.36324,-1.25495
3,308,1.06881,0,0.81013,-0.941355,-1.3614
4,308,2.38589,0,-0.218981,-2.4185,-1.60327
5,308,1.33033,0,0.784292,-1.24815,-1.41337
6,308,1.72552,0,0.143434,-2.14043,-1.8617
7,308,2.06415,0,1.86318,-0.643111,-1.67148
8,308,1.68167,0,0.0183752,-1.98792,-1.66337
9,308,0.846476,0,0.80048,-0.665371,-1.23743
10,308,1.65486,0,-0.67365,-2.45602,-1.39996
1,311,2.30372,0,1.52405,-0.240709,1.93674
2,311,2.76148,0,-0.0983132,-2.04058,1.62036
3,311,2.49501,0,2.05555,-0.49806,0.620953
4,311,3.03816,0,-0.243285,-2.56844,1.04959
5,311,2.5271,0,0.865515,-1.39399,1.17658
6,311,3.06221,0,1.21683,-1.79815,0.837104
7,311,2.76778,0,2.01727,-0.75499,0.949722
8,311,2.62566,0,-0.155477,-1.83692,1.68688
9,311,3.5511,0,0.00985581,-3.30343,-0.0241429
10,311,2.4253,0,0.0113652,-2.10477,0.785599
1,312,-1.10869,0,-0.729886,-0.152025,1.22468
2,312,-0.718288,0,-0.993466,-1.30673,0.372576
3,312,-1.32557,0,-0.331507,-0.147635,0.458869
4,312,-0.6725,0,-0.44392,-1.20946,-0.0307393
5,312,-0.866182,0,-1.06131,-0.749582,1.08383
6,312,-0.471459,0,-0.425492,-1.31091,0.119354
7,312,-1.36378,0,0.147533,0.356608,0.633876
8,312,-1.06257,0,0.111909,-0.307808,0.183045
9,312,-0.822422,0,-0.92612,-0.651456,1.15188
10,312,-0.615518,0,-0.69314,-1.31069,0.247253
