id,time,y1,popPred_medianCOV,popPred,indivPred_SAEM,indivPred_mean,indivPred_mode,indWRes_SAEM,indWRes_mean,indWRes_mode
103,0,0,0,0,0,0,0,0,0,0
103,1,0,0,0,0,0,0,0,0,0
103,2,5.39482,0,0,3.10784,3.13848,3.4212,1.37248,1.34088,1.07594
103,3,5.87138,0,0,3.79093,3.80185,3.90056,1.02356,1.01527,0.942375
103,4,5.12229,0,0,3.94207,3.95252,4.0294,0.558395,0.551988,0.505871
103,5,4.16056,0,0,4.00123,4.01269,4.07748,0.0742681,0.0687276,0.0380002
103,6,5.19679,0,0,4.0244,4.03813,4.05768,0.543344,0.535156,0.523594
103,7,2.45332,0,0,4.02428,4.04335,1.99317,-0.728081,-0.733445,0.430583
107,0,0,0,0,0,0,0,0,0,0
107,1,3.16673,0,0,3.00452,3.34095,2.84346,0.100694,-0.0972603,0.212037
107,2,4.70286,0,0,4.326,4.37877,4.28107,0.162482,0.138044,0.183757
107,3,5.44463,0,0,4.50493,4.5465,4.46779,0.389046,0.368437,0.407787
107,4,6.5217,0,0,4.56986,4.60814,4.53668,0.796605,0.774497,0.816075
107,5,5.71174,0,0,0,4.62188,4.55206,2.57234e+16,0.439796,0.47515
107,6,4.38487,0,0,0,4.54043,4.48521,1.97477e+16,-0.0638991,-0.0417219
107,7,0,0,0,0,0,0,0,0,0
108,0,0,0,0,0,0,0,0,0,0
108,1,0,0,0,0,0,0,0,0,0
108,2,3.4062,0,0,2.95446,2.87284,2.89335,0.285177,0.346267,0.330592
108,4,4.51689,0,0,3.90333,3.88556,3.90266,0.293175,0.303045,0.293544
108,6,6.09695,0,0,3.65743,0,3.91623,1.24403,2.74582e+16,1.03857
108,7,0,0,0,0,0,0,0,0,0
111,0,0,0,0,0,0,0,0,0,0
111,1,0,0,0,0,0,0,0,0,0
111,2,0,0,0,0,0,0,0,0,0
111,3,5.44237,0,0,2.03429,2.06932,2.1513,3.12463,3.04017,2.85323
111,4,4.71609,0,0,3.17977,3.18882,3.21654,0.901134,0.893281,0.86951
111,5,5.77632,0,0,3.41089,3.41559,3.43247,1.29344,1.28909,1.27358
111,6,5.22345,0,0,3.49314,3.49735,3.51124,0.923867,0.920512,0.909496
111,7,3.90499,0,0,3.52605,3.5314,3.5387,0.200438,0.197307,0.193053
112,0,0,0,0,0,0,0,0,0,0
112,1,0,0,0,0,0,0,0,0,0
112,2,0,0,0,0,0,0,0,0,0
112,3,5.89561,0,0,2.07479,2.08462,2.15077,3.43468,3.40967,3.24744
112,4,6.14544,0,0,3.18089,3.18691,3.21965,1.73825,1.73145,1.69488
112,5,2.45332,0,0,3.35302,3.31224,3.41759,-0.500455,-0.483655,-0.526239
112,6,0,0,0,0,0,0,0,0,0
112,7,0,0,0,0,0,0,0,0,0
207,0,0,0,0,0,0,0,0,0,0
207,1,0,0,0,0,0,0,0,0,0
207,2,5.75768,0,0,3.16778,3.15055,3.43114,1.52486,1.5434,1.26466
207,3,6.26404,0,0,3.80986,3.79812,3.91277,1.20144,1.21091,1.12078
207,4,4.77366,0,0,3.94334,3.92203,4.03753,0.392724,0.404991,0.34005
207,5,2.6721,0,0,3.61498,3.52649,4.0405,-0.486467,-0.451875,-0.631656
207,6,0,0,0,0,0,0,0,0,0
207,7,0,0,0,0,0,0,0,0,0
301,0,0,0,0,0,0,0,0,0,0
301,1,3.96792,0,0,4.01609,3.91485,4.53229,-0.0223705,0.0252859,-0.232247
301,2,7.00537,0,0,4.61397,4.57637,4.94336,0.966676,0.989942,0.777982
301,3,8.16665,0,0,4.75521,4.72551,5.0616,1.33805,1.35818,1.14415
301,4,5.98783,0,0,4.79929,0,5.09596,0.461893,2.69668e+16,0.32642
301,5,6.33284,0,0,4.74111,0,5.02751,0.626172,2.85206e+16,0.484251
301,6,0,0,0,0,0,0,0,0,0
301,7,0,0,0,0,0,0,0,0,0
302,0,0,0,0,0,0,0,0,0,0
302,1,4.25657,0,0,3.88719,3.84846,3.70796,0.177234,0.197787,0.275954
302,2,7.33332,0,0,4.55654,4.53439,4.49361,1.1366,1.15127,1.17864
302,3,6.349,0,0,4.70635,4.68327,4.65051,0.650973,0.663375,0.681185
302,4,5.72623,0,0,4.76035,4.73961,4.7054,0.378431,0.388248,0.40463
302,5,5.23975,0,0,4.73465,4.74908,4.24934,0.198973,0.192703,0.434709
302,6,0,0,0,0,4.66931,0,0,-1.8651,0
302,7,0,0,0,0,0,0,0,0,0
307,0,0,0,0,0,0,0,0,0,0
307,1,4.97434,0,0,3.99324,3.89082,4.26577,0.458236,0.519393,0.309801
307,2,6.49001,0,0,4.59952,4.55971,4.7599,0.766594,0.789573,0.677921
307,3,3.50515,0,0,4.73936,4.707,4.89125,-0.485706,-0.47622,-0.528541
307,4,7.27978,0,0,4.77973,4.76067,4.93763,0.975546,0.98692,0.884707
307,5,4.47378,0,0,4.73611,4.74927,4.91762,-0.103308,-0.108188,-0.168334
307,6,0,0,0,4.35992,4.37178,0,-1.8651,-1.8651,0
307,7,0,0,0,0,0,0,0,0,0
308,0,0,0,0,0,0,0,0,0,0
308,1,3.41631,0,0,3.48649,3.55678,2.86543,-0.0375446,-0.0736634,0.358566
308,2,6.46365,0,0,4.41429,4.44519,4.27693,0.865883,0.846902,0.953596
308,3,4.53581,0,0,4.57885,4.6062,4.46244,-0.0175286,-0.028502,0.0306663
308,4,5.39021,0,0,4.64124,4.66562,4.52913,0.300981,0.289661,0.354594
308,5,5.20009,0,0,4.66487,0,4.53448,0.213991,2.34191e+16,0.273776
308,6,5.10906,0,0,4.65492,0,4.40339,0.181959,2.30091e+16,0.298893
308,7,0,0,0,4.50748,0,0,-1.8651,0,0
311,0,0,0,0,0,0,0,0,0,0
311,1,3.57749,0,0,4.02938,4.09686,3.80785,-0.209166,-0.236443,-0.112831
311,2,5.35084,0,0,4.62127,4.66527,4.53462,0.294446,0.274078,0.335712
311,3,2.89653,0,0,4.7612,0,2.34928,-0.730449,1.30448e+16,0.434465
311,4,0,0,0,4.81434,0,0,-1.8651,0,0
311,5,0,0,0,4.8318,0,0,-1.8651,0,0
311,6,0,0,0,0,0,0,0,0,0
311,7,0,0,0,0,0,0,0,0,0
312,0,0,0,0,0,0,0,0,0,0
312,1,0,0,0,0,0,0,0,0,0
312,2,3.22608,0,0,2.82431,2.85944,3.0611,0.265324,0.239147,0.100527
312,3,3.84423,0,0,3.71449,3.71925,3.78306,0.0651436,0.0626717,0.0301562
312,4,6.45703,0,0,3.88125,3.88289,3.93653,1.23777,1.23646,1.1942
312,5,6.13517,0,0,3.9163,3.92005,3.98445,1.05672,1.05392,1.00675
312,6,4.83732,0,0,0,0,3.93474,2.17854e+16,2.17854e+16,0.427833
312,7,0,0,0,0,0,0,0,0,0
